000000000000000000000000000000000000000000000000000000000000000000000000000000000000000000000000000000100000000000000000000000000000000000000000000000
000000000000000000000000000000000000000000000000000000000000000000000000000000000000000000000100000000000000000000000000000000000000000000000000000000
000010100000000001000000010000000000000000000000000000000000000100000001010010000000000000010000000000000000000000100000000000000000000000000100000000
000000000000000000000000000000100000000000001000010000000000000000000000000000000010000000000000001000100000000000000100000000000000000000000000000000
001001000000000000000000000010010000000000000000000000000000000000000000000000001000100000000000000000000000000000000000000000001000000000000000000000
000010000000000000000010000000000001001001000000000000000100000000000000000000000000000000000000000000000000000000100000000000000000000000000000000000
001000000000000000000100000000000000000000000000000000000000000000100000000000000000100000000000000000010000000000000000000000010000000000000000000000
000000000000000000000000100000000000000000100000000000010000000000000000000000000000000000001000000000000000000000000001000000000000000000000000000000
000000000010000000000000010000000000000000000001000000000101000000000000000000000000000001000000000000000000000000100000000000000000000010000000000000
000000000000000000000000000000000100000000000000000000000000000000000000000000000000000010000000000000000000000000000000000000000100000000000000000000
000000001000000000000000000000000000000000000000000000000000000000000000000000000000000010000000000100000000000000000000000000000000000000000000000000
000000000000000000000000000000000000000000000000000000000000100000000001000000000000000000000000000000000000000001000000000000000000100000000000000000
000000000000000000000000000000010000000000000000000000000000000000000000000000000100000000000000000000000000000000000110000100000000000000100000000000
000000000000000000000000000000000000000000000000000000000000000010000000000000000010001000000000000000000000000000000000000000000100001000000000000000
000000000000000000000000000000001000000000000000000000010000000000000000000000000000001000000000000000000000000000000000010000000000000000000000000000
000000000000000001000000000000000000000000000000000000000000000000000000000000000000000000000000000000000000000000000000000000000000000000000000000000
000000000000000000000000000000101000010000000000000000000000000000000000000000000000000000000000000000000000000000000000010000000000000000000000000000
001000000000000100000000000000000000000000000000000000000100000000000000000000000000000000000000000001000010000000000000000000000000000000000000000000
000000000000000000000000000001000000000000000010010000000000000000010000000000000000000000000000000000000000000000000000000000000000000000000001000000
000000000000000000000000000000000000000100100000001001000010000000000100000000000000001000000000000000000000000000000100010000000000000000000000000000
000000000000000000000000000000000000000000000000000000000000000000000000000000000000000000000000000000000000000000000000000010000000000000000000000000
000000100000000000000000000000000000000000000000000000000000001001000100000000000000000000000000000000000010000000000011000000000000000010010000000000
000001000000000000000000000000000000000000000000000000000000000000000000000000000000000000000000000000100000000000000100000000000000000000000000001000
000000000000000000000000000000000000000001000000000000000001000000000000000000000001000000000000000000000000001000000000000000000000000000000000000000
000000010000000000000000000000000000000000010000000000000000000100000000000000000000000000000000000000000000000000000000000000000000000000100000100000
001000001000000000000000000001010000010000000000000000000000000000000000000000000001000000000000000001000000000000100000000000000001000010000000000000
000000000000000000000000000010000010000000000000000000000000000000000000000000001000000000000010000000100000000000000000000001000000000000000000000100
000000000000000000000000000000000000000000000000000000000000000000000000000000000000000001010000000000000000100000000000000000000001001000000000000000
000010000000000000000000001000100000000000000000000000000000000000001000000000000000000000000000000000100000000000000000000000000000000000001000000001
000000000000000000100000010000000000000000000000000000001000000000000000000000000000000000001000000000000000000000000000000000000001000000000000000000
000100000000000010000000000010000000000000000000000000000000000000000000000000000000000000001000000000000000000000000000000000000000000000000000000000
000010000000100000000000010000000010000000000000000000000000000000000000001000010000000000000000001000000000000000000000000000000000001000000000000010
000000000000001010000000000000000000000000000000000000000000000000000000000000000000000000000000000000000000000000000000000000000000000000010000000000
000000000100000000000000000000000000000010000000000000000000000000001000000000000000100001000000000000000000000000000000000000000000000001000000000000
000000000000000000000000001000010000000000000000000000000010000000000000000000000000000000000000000000000000000000000000000000000000000000000000000001
000001000000000000000000000000000000000000000000000000001000000000000000000000000000010100000000000000000000000000000000000000000000000000000010000010
000000000000000000000000000000000000000000000010001000000000000000000001000000000000000000000001000000000000000000000000000000000010000000000000000000
000000000000000010000000010000000000000100000000000000001000000000000000000001000000000000000000000000000000000000000000000000000000000000000000001000
000001000000000000000000000000000000000000000000000000010100000001000000000000000001000000000000000000000000000000000000000000000000000000000000000000
000000000000000000010000000000000000010000100000010001000000100000001000000000000000000100000000000000000000000000000100000000000000100000000000000000
000000000000000000000000000000000100000000000000000000000000010000000000100000000000000000000000000000000000000000000000000000000000000000000000000000
000001000000000000000001000000000000000000000010000000000000010100000000000000000000000000000000000000000000001000000000000100000000000000000010000000
000000010000000000010000000000000000000100000010000000000000000010000000000000000000000000000000000000000100000000000000100000000000000001000000100000
000000000000000000000000100000000000000000000100000000000000000000000010000000000000000000000000000000000000100000000000000000000000000010000000100000
000100000000000000000000000000000000000000000000000001000000000010000000000010010001100000000000000000000000000000000000000000000000000000000000000000
000000000000000000000000000000000000000000010000000000000000000000000000000000000000000000000000000000000000000000000000000000000000000000000000000000
000000000000000000100000000000000000100001100000000000000000000000000000000000000000000000000000000000000000000000000000000000000000000000000000000000
000000001000000000000000000000000000000000000000000000000000000000000000000000000000000000000000000000000000000001000000000000000000000000000000000000
000000000000000000000000000000000000000000000000000000000000000010000000000000000000000000000000000000000000000000010000000000000000000000000000000000
000100000000000000100000000000000000000100000000000010000000000000000000001000000000000000000000000000000000000000000000000000000000000000000000000000
000000000000000000010000000000000000100000000000000000000000000000000000000000000000000000000000000000000000000000000000000000000000000000000000010000
000000000000000000000000000000000000000000000000000000010000000100000000000000000000000000000000000000000000000000000000000000000000000000000000000010
000000000000000000000000000000000000000000000000010000000000000000000000000000000000000000000000000000000000000000000000000000000100000000000000000000
000000000000000000010000000000000000000100001000000000000000000000000000001000000000000000000000000000000000000000000000000000000000000000000000000001
000000000000000000000000000000000000000000000000000000000000000000000000000000000000000000010000000000000000000000000000000000100000000000000100000000
000000010000001000000000000000000000001000000000000100000000000000000000100000000010000001000000000000000001000000000000001000000000000000000000000000
000000000000000000000000000001000001010000000000000000000000000000000000000000000000000000000000000000000000000000000000000000000000000000000000000010
000001001000000001000000000000000000001000000000000000000000000000000100000000000000000000000000000100000000000001000000001000000000000000000000000000
000000000000000000010000000000000010000000000000000000000000000000000000000000000000000000000000000000000000000000000000000000001100000000000000000000
000000001000000000000001000000000000000000000000000000000000000000000000000000001001000000000000010100000000000000000000000000000000000000000000000010
000000000001000000000000000000000000000100000000000000000000010010000001000000010000000000000000000000000000000000000000000000000000010000000000000100
000000000000000000000000000000000000000011000000000000000000100000000000000000000000000000000000000000000000000000000000000000000000000000000000100000
000000000000000000000100000000000000000000000000000000000000000000000000000000000000000000000100000001000000000000000000000000000001000000000000000000
001000000000000000000000100000000000000001000000000100000000000000000000000000000000000000000010000100000000000000000000000000000000000000000000000000
000000000000010000000000000000000000000000101000100000000000100000000000000000001000010000000000010000000000000000000000000000000000000000001000000001
000000000000000000000100000000000000001000000000000000000000000000000000000000001000000000000000000000000000000000000000000000010000000000000000000000
000000100000000000000000000000000000000000000000000000000000000000000000000000000000000000000000000000000000000000000100000000000000000001000000000000
000000000000000000100000000000000000000000000000000000000000000000000000000000000000000000000000000000000000000000000000000000000000000000000000100000
000000000000000000000000000010000100000100000000000000000000000000000000100010000000000000000000000000000000000010000000000000000000000000010000000000
000000000000000000010100000000000000000000000000000000000100000000000000000000000000001000000000000000000000000000000100000000000001000001000000000000
000000000000000000000000000000000000000000010000000000000000000000000000000000000000000000000000000000000000000000000000000010000000000000000000000000
001000000001000000000000000000000000100000000000000000000000100000000000000000000000000000000000000000000000000000010000000000000011000000010000000000
000000000000000000000000000000000000000010000000000000010000000000001000001000000000001000000000000000000000000000000000000000000000000000000000000010
001000000000000000000000000000000000000000000000000000000000000000000000000000000000000000000001000000000000000000000000000000001000000000000000000000
000000000000000000000000000000010000000000000000010001000000000000000000100100000000000000000000010000000000010000000000000000000010000000000000000000
000000000000000000000000000000000000000000000000000000000000000000000000001000000000000000000000000000000000000000000000000000000000000000000000000000
001000000000000000000000000000000000000000001000000000000000000000001000000000000011000000000000000000000000000100000000000000000000001000000000000000
000000000000000000000000000000000000010000000000000000000000000000000000000000000000000000000000000010000000000000000000000000000000000000010000000000
000000000000000000000000000000000000000000000000000000000000000000000000000000000000000000000000000000000000000000000000000000010000000000000000000000
000000000000000000000000000000010000000000001000000000000000100000000000000000000000000000000000000000100000000000000000001000000000000000000000000000
000010000000000000000000001000000000000000000000000000000001000011000000000000000000000001000000000000000000000000000000000000100000000000000000000000
000000000000100000000000000000000000000000000000000000000000000000000000000000000000000000000000000000000000000000000000000000010000010000000000000000
000100000000010000000000000000000000000000000000000000010000000000000000000010000000000000000000000000000000000000000000000000000000000000000000000000
000000000000000000000001010000000000001000001000000000000001000000000000000010000000000000000010000100000000000000000000000000000000001010000000000100
000010100000000000000000000000000100000000001000000000000000000000000000000000000000000000000000000000000000000000000000000000000000000000000000000000
000000000000000000000000000000000001000000000000000000000000000010000000000000000000000000000000000001000000101000000000000000000010000000000001000000
000000000000011000010000000000000000000000000000000000000000000000000100100000000000000000010000000000000000000000000000000001000000010000000000010000
000000000000000000000000000000000001000100000000000000000000000000000000000000000000000000000000000000000010000000100000000001000000000000000010000000
000000000110000000000000000000000000000000000000000000000000000000000000000000000000000000000000000000000000000000000000000000000000000000000000000000
000000001000000000000000000100000100000000000000000000010000000000000000000000001000000000000000000000000000000000010000000000000000000100000000000000
000000000000000000000000000000000000000000000000000000000000000000000000000000000000000000000001000000000000100000000010000000000000000000000000000000
001000000000000000000000000100000000000000000000000000100000000000000000000000000000001000000000100000000000000000000000000000000000000000000000000000
000000010000000000000000000001100000000000000000000000000000000000000000000000000000000000000000000000000000000100000000100000000000000000000000000000
010000000000000000000000000000000000000000000000000000000000001000000000000000000000000000000000000000000000000000000000000000000000000000000100000000
000000000000000000000000001000000000000000000000000000000000000100000000000000000001000000000000000000000100000000000001000100000000000001000000000000
000000000000000000000000000000000000100000000000000000000000000000000000010000000000000000100000000010010000000000000000000000000001000000000000000000
000000000000000000000000000000000000000000000000000000000000000000000000000000000000000000010000000000000000000000000000000000001000000100000000000000
000000000000000000000000000000000000000000000000000000000001000010000000001000000000000000000000000000000000000000000000000000000000000000000000010000
000100000000000000000000000000010000000000000000000000000000000000000000000000000000000000000000000000000000000000000000000000010000000000000000000000
000000000010000000000000000000000000000000000000000000000101000100000000000000000001000000000000000000000010000000000000000000000000000000000000000000
000000000000000000000000000000000000000000000000000000000000000000000000000001000000000000000001000000000000000000000000000000000000000000100000000000
000000000000000001000000010000000000000000000000000000000000001000000000000000000000010000000000000000000000000000000000000000000001000000000000000000
100100000000000000000010001010000000000000000000000000000000000000000000000000010000000000000000000000010000000000000000000001000000000001000000000000
000000100000000000000000000000000000000000000000000000000000000000000000000000000000000000000001000000100000001000000000000010000000000000000000000000
000000000000000000000000000000000000000000000000000000000000000000000000000000000000000000000000000000000000000000000000000000000000000000000000000000
000000000000000000000000000000000000000000100000000000000000000000000000000000000000000000000010000000000000000000010000000000000000000000000000000000
000000000000000001000100000000000000000000000000000000000000000000000000000000000000000100000000000100000000000000001000000000000000000000000000000000
000000000000000000000000000000000000000000000000000000010000000000000000000000000000000000000000000000000000000000000000000000000000000000000110000000
000000000000000000000000000100000000000000010000000000000000000000000000000000000000010000100000000000000000000000000000000000000001000000000000000000
000000000000000000000000000000000000000000000000000000000000000000000000001000000000000000000000000000000000000010000000000000000000000000000000000000
000000000000000000000001000000000000000001000000000000000000000000000000000000000000010000000000000000010000000000100000000000000100000000000100000000
000000000000000000000000000000000000000000000000000000000000000000000000000010000000000000001000000000000000000000100000000000000000000000010000000000
000000000000000000000000000000000000000000000000000000000000000000001000000000000000000000000000000000000000010000000000000000000000000000000000000000
000000000001000000000000000000000000000000000001000000000100000000000000000000000000000000000000000000000000000000000000000000000000000000000000000000
001001001000000000000000010000000000000000000000000000000000000000000000000000000000000100000000000000000000001100001100000000000010000100000000000000
000000000000000000000000000000000000000000000000100000000000000000000001000000000000000001000000000000000100000000000000000000000000000000000000000000
000000000000000000000000000000000000000000000000000000000000000000000000000000000000000000000000000000000010000000100000000000001000000100100000000000
000100000000100000010010000000000000000100000000000000000000000000100100000000000000000000000000000000000000000000100000000001000000000000000000000000
000000000000100000000100000000000000000000000000000000000000000000000000000000000000000000100000000000000000000000000001000000000000000000000000000000
000000010000000000000100000000000000000000000000000000000000000000000000000000000000000000000010000000000000000000000010000000000000000000000000000000
000000000000000000000000000000000000000000100000000000000000000000000000000000000000000000001000000000000000000000000000000000000000000000000000000000
000000000000001010010000000000000000000000000000000000000000000000000000000000000000000000000000000000000000000000000000000100000000000000000000000000
000000000000000000000000000000000000000000000000000000010100000000000000000000010000000000000000000000000000000000000000000100001001000000000000000000
000000000000100000000000000000000000000001000000000000000000000000000000000000000000000000000010000000000000000000000000011000000000010000000000000000
000000000000000000001000000000000000000000000000000000000000000000000010000000000000000000000000000000010000000000000000000000000000000000000000000001
000000000000000000000000001000000000000000000000000000000000000000000000000000000000001100000000000000100000000000000100000000100000000000000000100000
000000000000000000000000000000000000000000000000000000100000000000000000000000001000000000000000000000000000000000000000000001000000000000000000000000
000000100000000000000000000000000000000000000000000000000000000001000000000000100100000000000000001000000000000000000000000000000000010000001000000000
000010000000000000000000000000000000000000000000000000000010000000000000010000000000000000000000100000000000000000001000001000000000000000000000000000
000000000100010000000000000000000000000000000000000010000010000000000000000000000000000000000000000000000000001000000000000000000000000000000100000000
000000000000000000000000000000000000100000000000000000000000000000000001001000000000010000000000000000000000000000100000000000000000000000000000000000
000000000000000000000000010101000000000000000000000000000000001000000101000000000000000000000001000001000000100000000000001000000000000000000000000000
000000000001000000000000000000000000000100000000000000000000000000000000000000000000000000000000000000000000000000000000000000000000000000000000000000
000000000000000000000000000000000000000000000000000000000000100000000000000000000100001000000000000000000000000000000000000100010000000000000000000000
000000000000010000000000000100010000000000000000000000000000000000000000000010000001000000000000000000000000000000000000000000000000000000000000000000
000000000000000000000000000000000000000000000000000000000000000000000000000000000000000001000000100000000000000000101000000000000000000000000000000000
000000001000000000000100010000000000000000010000000000000000000000000000000000000001000000000000000000000000000000000000000000000000000000000000000000
000000000000000000000000000000000100000000100000000000000000000000100100000000000000000000000010000000100000000000000000000000000000000000000000000000
000000000000100000000000100000000000000000000000000000000000000000000000000000000000000000000000000010000000000000001000000000000000000000000000000000
000000000000000000000100000000001000000000000000000000000000000000001001000001000000000000000000000000000000000100000000000000000000000000000000000000
000000000000000000000000000010000000000000000000000000000000000010000000000000000000000000000000000000000000000000000000000000010000000000000000000000
001000000000000000000000000000000000000000000000000000100000000000000000000000000000000000000100000000000001001000000000000000000100000000000000000000
000000000000000000000000000000000001000001000000000000000000000000000000000000000000000100000000000000000001000000000000000000000000000000000000000000
000000000000000000100000000000000000000000000000000000000000000000000000000000000000010000000000000000000000000000000000000000000000000000000000010010
000000000000000000000000100000000000000000110000000000000000010000010000000000000000000000000000000000000000000000000000000001000000000000000000001010
000000000000000000000000000000000000000000000000001000000000000000000000000000000000001000000000010000000000000000000000000000000000000000000001000001
000000000000000000000010000000000000010000000000000000000000000000000000000000000000000000000000000000000000000000000000000000000000000000000000100000
000000000000000000000000001000000000000000000000000000000000100000000000000000000001000000000000000000000000000000000000000000000000000000000000000000
000000000000000000000000000000010001000000000000000100001001000000000000100000000000000000000000000000000000000000000000000000000000000000000001100000
000000000000000000000000000010000010000000000000000001000000000010000000000000000000000000000000000000000000000000000000000010000000000000000000010000